162500.4688 16.1260 0.0000
145951.3438 15.5116 0.0000
130705.1953 15.0316 0.0000
117158.7969 14.4241 0.0000
105548.4844 13.8232 0.0000
96005.6328 13.5203 0.0000
88656.1328 13.5317 0.0000
83624.6797 13.2887 0.0000
80900.0938 12.6783 0.0000
80333.6641 12.0697 0.0000
81713.2188 11.5864 0.0000
84763.8125 11.1341 0.0000
89217.0938 10.6775 0.0000
94680.6562 10.2427 0.0000
100710.2188 9.8515 0.0000
106844.1562 9.4891 0.0000
112756.4141 9.1059 0.0000
118217.8594 8.6801 0.0000
123018.3359 8.2478 0.0000
127060.8281 7.8360 0.0000
130303.6406 7.4455 0.0000
132685.2969 7.0751 0.0000
134160.1094 6.7246 0.0000
134609.4062 6.3916 0.0000
134067.4219 6.0746 0.0000
132531.7188 5.7744 0.0000
130073.6875 5.4935 0.0000
126768.3594 5.2324 0.0000
122747.6250 4.9851 0.0000
118100.3594 4.7449 0.0000
112945.3281 4.5112 0.0000
107355.3906 4.2865 0.0000
101491.5234 4.0723 0.0000
95555.8906 3.8690 0.0000
89749.4844 3.6778 0.0000
84135.2344 3.4972 0.0000
78739.5000 3.3225 0.0000
73534.3047 3.1716 0.0000
68519.3516 3.0448 0.0000
63673.8008 2.9105 0.0000
58940.3320 2.7678 0.0000
54320.9766 2.6294 0.0000
49860.2734 2.4991 0.0000
45604.7695 2.3774 0.0000
41545.8828 2.2602 0.0000
37701.6445 2.1481 0.0000
34080.0508 2.0483 0.0000
30705.4648 1.9501 0.0000
27572.1016 1.8528 0.0000
24696.8301 1.7662 0.0000
22081.1289 1.6860 0.0000
19706.9473 1.6059 0.0000
17562.7637 1.5268 0.0000
15623.2432 1.4505 0.0000
13868.8350 1.3786 0.0000
12282.5996 1.3122 0.0000
10858.6191 1.2472 0.0000
9587.4541 1.1860 0.0000
8463.5234 1.1287 0.0000
7480.1377 1.0727 0.0000
6633.5845 1.0254 0.0000
5918.1973 0.9770 0.0000
5314.3521 0.9302 0.0000
4800.4727 0.8992 0.0000
4359.2725 0.8653 0.0000
3981.1094 0.8221 0.0000
3659.3962 0.7936 0.0000
3391.9358 0.7726 0.0000
3180.3501 0.7419 0.0000
3026.4888 0.7057 0.0000
2929.1594 0.6705 0.0000
2881.5322 0.6386 0.0000
2880.1038 0.6108 0.0000
2928.2551 0.5838 0.0000
3023.5352 0.5552 0.0000
3141.9326 0.5276 0.0000
3254.3372 0.5033 0.0000
3358.2515 0.4829 0.0000
3461.2974 0.4589 0.0000
3559.2263 0.4424 0.0000
3641.0723 0.4295 0.0000
3702.8662 0.4087 0.0000
3746.5044 0.3891 0.0000
3765.4138 0.3699 0.0000
3758.2683 0.3517 0.0000
3734.8301 0.3349 0.0000
3706.8381 0.3188 0.0000
3679.5222 0.3033 0.0000
3653.8271 0.2881 0.0000
3616.5667 0.2749 0.0000
3555.9434 0.2665 0.0000
3473.9734 0.2587 0.0000
3369.5283 0.2465 0.0000
3235.7881 0.2346 0.0000
3075.1497 0.2236 0.0000
2905.6785 0.2130 0.0000
2744.2051 0.2058 0.0000
2597.1672 0.2044 0.0000
2464.2087 0.1977 0.0000
2346.2761 0.1885 0.0000
2247.0134 0.1837 0.0000
2167.0586 0.1758 0.0000
2102.0242 0.1670 0.0000
2041.8496 0.1593 0.0000
1974.3945 0.1587 0.0000
1898.0557 0.1608 0.0000
1827.0991 0.1533 0.0000
1778.5759 0.1544 0.0000
1751.9803 0.1652 0.0000
1735.9774 0.1593 0.0000
1770.4719 0.1578 0.0000
1830.0862 0.1605 0.0000
1902.3231 0.1525 0.0000
1990.0249 0.1528 0.0000
2096.6067 0.1541 0.0000
2216.3040 0.1475 0.0000
2337.4407 0.1412 0.0000
2448.8684 0.1379 0.0000
2539.3508 0.1334 0.0000
2605.3733 0.1268 0.0000
2652.2070 0.1214 0.0000
2684.0720 0.1185 0.0000
2691.9753 0.1140 0.0000
2668.8691 0.1090 0.0000
2615.5315 0.1094 0.0000
2537.2864 0.1076 0.0000
2436.1099 0.1022 0.0000
2316.1113 0.0981 0.0000
2184.6008 0.0942 0.0000
2050.7041 0.0906 0.0000
1920.2367 0.0884 0.0000
1796.9515 0.0863 0.0000
1683.1901 0.0822 0.0000
1577.2316 0.0791 0.0000
1477.3617 0.0793 0.0000
1382.0950 0.0796 0.0000
1299.6741 0.0770 0.0000
1217.9766 0.0732 0.0000
1136.9711 0.0696 0.0000
1056.5188 0.0665 0.0000
976.5822 0.0643 0.0000
895.9371 0.0616 0.0000
813.7515 0.0586 0.0000
732.5995 0.0559 0.0000
655.9621 0.0534 0.0000
586.2485 0.0538 0.0000
529.0641 0.0529 0.0000
473.9524 0.0512 0.0000
419.2456 0.0596 0.0000
367.2616 0.0663 0.0000
319.3697 0.0630 0.0000
276.0525 0.0671 0.0000
237.6094 0.0708 0.0000
204.2854 0.0678 0.0000
178.9705 0.0648 0.0000
160.8711 0.0619 0.0000
150.6369 0.0588 0.0000
142.1167 0.0560 0.0000
134.0251 0.0539 0.0000
125.7504 0.0514 0.0000
117.2085 0.0490 0.0000
108.0398 0.0478 0.0000
97.9873 0.0483 0.0000
87.4029 0.0498 0.0000
76.8067 0.0483 0.0000
66.8425 0.0466 0.0000
58.0140 0.0481 0.0000
50.5485 0.0492 0.0000
44.3548 0.0485 0.0000
39.4558 0.0466 0.0000
39.5628 0.0443 0.0000
40.4893 0.0434 0.0000
41.5354 0.0418 0.0000
42.9139 0.0397 0.0000
44.2600 0.0378 0.0000
45.6702 0.0370 0.0000
47.5125 0.0389 0.0000
49.8091 0.0392 0.0000
52.2848 0.0372 0.0000
54.7899 0.0382 0.0000
57.2887 0.0394 0.0000
59.4464 0.0380 0.0000
60.9485 0.0361 0.0000
61.5621 0.0344 0.0000
61.4729 0.0328 0.0000
61.4818 0.0314 0.0000
62.2515 0.0336 0.0000
63.5571 0.0359 0.0000
64.6714 0.0342 0.0000
65.5174 0.0397 0.0000
66.7983 0.0425 0.0000
68.6357 0.0408 0.0000
70.2818 0.0424 0.0000
71.5753 0.0403 0.0000
72.9493 0.0405 0.0000
74.5216 0.0388 0.0000
75.4448 0.0378 0.0000
75.1068 0.0360 0.0000
72.9777 0.0360 0.0000
68.9687 0.0371 0.0000
63.3950 0.0353 0.0000
57.0634 0.0362 0.0000
50.7738 0.0430 0.0000
44.7913 0.0514 0.0000
39.2785 0.0526 0.0000
34.3164 0.0503 0.0000
29.9024 0.0525 0.0000
26.0182 0.0520 0.0000
22.6008 0.0495 0.0000
19.5967 0.0471 0.0000
17.0079 0.0462 0.0000
14.8486 0.0464 0.0000
13.1056 0.0454 0.0000
11.8106 0.0433 0.0000
11.0624 0.0412 0.0000
11.0090 0.0396 0.0000
11.4852 0.0377 0.0000
12.1619 0.0367 0.0000
12.9480 0.0375 0.0000
14.0117 0.0357 0.0000
15.3408 0.0395 0.0000
16.5581 0.0453 0.0000
17.6823 0.0436 0.0000
18.9642 0.0416 0.0000
20.3850 0.0399 0.0000
21.7327 0.0399 0.0000
22.8818 0.0380 0.0000
23.7732 0.0376 0.0000
24.4138 0.0378 0.0000
24.8349 0.0361 0.0000
25.0740 0.0344 0.0000
25.1397 0.0326 0.0000
24.9950 0.0312 0.0000
24.7677 0.0298 0.0000
24.7007 0.0287 0.0000
24.5778 0.0295 0.0000
24.3893 0.0287 0.0000
23.9771 0.0282 0.0000
23.2105 0.0318 0.0000
22.2103 0.0335 0.0000
21.1483 0.0319 0.0000
19.9097 0.0314 0.0000
18.7814 0.0303 0.0000
17.7500 0.0289 0.0000
16.9791 0.0277 0.0000
16.9171 0.0265 0.0000
17.3129 0.0272 0.0000
18.5285 0.0292 0.0000
20.6916 0.0292 0.0000
23.6528 0.0280 0.0000
12.2064 0.0317 0.0000
12.6523 0.0374 0.0000
13.1963 0.0369 0.0000
13.7289 0.0355 0.0000
14.1874 0.0350 0.0000
14.5810 0.0337 0.0000
14.8262 0.0324 0.0000
14.6810 0.0309 0.0000
14.1233 0.0294 0.0000
13.2438 0.0281 0.0000
12.1547 0.0271 0.0000
10.9701 0.0290 0.0000
9.7707 0.0302 0.0000
8.6276 0.0289 0.0000
7.5679 0.0278 0.0000
6.6223 0.0272 0.0000
5.7826 0.0268 0.0000
5.0501 0.0264 0.0000
4.4055 0.0256 0.0000
3.8331 0.0245 0.0000
3.4063 0.0237 0.0000
3.0357 0.0232 0.0000
2.6829 0.0223 0.0000
2.3481 0.0213 0.0000
2.0432 0.0208 0.0000
1.7685 0.0198 0.0000
1.5344 0.0191 0.0000
1.3502 0.0185 0.0000
1.2149 0.0176 0.0000
1.1144 0.0174 0.0000
1.0362 0.0191 0.0000
0.9873 0.0210 0.0000
0.9778 0.0207 0.0000
0.9789 0.0197 0.0000
0.9808 0.0188 0.0000
0.9777 0.0179 0.0000
0.9751 0.0170 0.0000
0.9788 0.0163 0.0000
0.9860 0.0168 0.0000
0.9785 0.0166 0.0000
0.9496 0.0160 0.0000
0.9052 0.0161 0.0000
0.8523 0.0154 0.0000
0.7970 0.0169 0.0000
0.7483 0.0192 0.0000
0.7126 0.0193 0.0000
0.6813 0.0183 0.0000
0.6504 0.0190 0.0000
0.6190 0.0209 0.0000
0.5889 0.0208 0.0000
0.5623 0.0199 0.0000
0.5369 0.0194 0.0000
0.5132 0.0184 0.0000
0.4873 0.0183 0.0000
0.4624 0.0182 0.0000
0.4398 0.0173 0.0000
0.4166 0.0171 0.0000
0.3893 0.0163 0.0000
0.3626 0.0159 0.0000
0.3366 0.0151 0.0000
0.3124 0.0152 0.0000
0.2926 0.0154 0.0000
0.2722 0.0146 0.0000
0.2493 0.0141 0.0000
0.2271 0.0134 0.0000
0.2043 0.0129 0.0000
0.1826 0.0123 0.0000
0.1611 0.0118 0.0000
0.1416 0.0113 0.0000
0.1246 0.0107 0.0000
0.1116 0.0102 0.0000
0.0996 0.0097 0.0000
0.0880 0.0093 0.0000
0.0777 0.0090 0.0000
0.0682 0.0088 0.0000
0.0598 0.0109 0.0000
0.0520 0.0119 0.0000
0.0487 0.0114 0.0000
0.0474 0.0129 0.0000
0.0461 0.0130 0.0000
0.0447 0.0124 0.0000
0.0431 0.0118 0.0000
0.0414 0.0113 0.0000
0.0396 0.0107 0.0000
0.0378 0.0102 0.0000
0.0359 0.0097 0.0000
0.0339 0.0092 0.0000
0.0322 0.0088 0.0000
0.0304 0.0083 0.0000
0.0285 0.0080 0.0000
0.0266 0.0081 0.0000
0.0250 0.0079 0.0000
0.0232 0.0082 0.0000
0.0215 0.0107 0.0000
0.0198 0.0110 0.0000
0.0184 0.0108 0.0000
0.0175 0.0113 0.0000
0.0175 0.0109 0.0000
0.0179 0.0104 0.0000
0.0188 0.0099 0.0000
0.0206 0.0095 0.0000
0.0228 0.0090 0.0000
0.0248 0.0086 0.0000
0.0266 0.0082 0.0000
0.0875 0.0078 0.0000
0.0886 0.0075 0.0000
0.0881 0.0072 0.0000
0.0878 0.0070 0.0000
0.0921 0.0068 0.0000
0.1066 0.0069 0.0000
0.1299 0.0067 0.0000
0.1556 0.0068 0.0000
0.1777 0.0095 0.0000
0.1912 0.0116 0.0000
0.1924 0.0113 0.0000
0.1828 0.0109 0.0000
0.1680 0.0112 0.0000
0.1521 0.0120 0.0000
0.1374 0.0128 0.0000
0.1232 0.0128 0.0000
0.1097 0.0122 0.0000
0.0972 0.0122 0.0000
0.0856 0.0122 0.0000
0.0741 0.0118 0.0000
0.0642 0.0115 0.0000
0.0555 0.0109 0.0000
0.0479 0.0113 0.0000
0.0416 0.0132 0.0000
0.0368 0.0126 0.0000
0.0339 0.0140 0.0000
0.0323 0.0161 0.0000
0.0302 0.0158 0.0000
0.0272 0.0150 0.0000
0.0242 0.0143 0.0000
0.0221 0.0142 0.0000
0.0228 0.0163 0.0000
0.0294 0.0188 0.0000
0.0438 0.0183 0.0000
0.0624 0.0188 0.0000
0.0827 0.0235 0.0000
0.1070 0.0254 0.0000
0.1358 0.0242 0.0000
0.1765 0.0256 0.0000
0.2412 0.0276 0.0000
0.3327 0.0272 0.0000
0.4446 0.0262 0.0000
0.5805 0.0287 0.0000
0.7357 0.0303 0.0000
0.8988 0.0291 0.0000
1.0576 0.0276 0.0000
1.1788 0.0263 0.0000
1.2604 0.0255 0.0000
1.2882 0.0243 0.0000
1.2657 0.0245 0.0000
1.1927 0.0261 0.0000
1.0692 0.0250 0.0000
0.9359 0.0248 0.0000
0.8397 0.0240 0.0000
0.8025 0.0277 0.0000
0.8214 0.0525 0.0000
0.3874 0.0787 0.0000
0.4131 0.0804 0.0000
0.4473 0.0811 0.0000
1.0399 0.1051 0.0000
1.0877 0.1287 0.0000
1.1218 0.1340 0.0000
1.1482 0.1298 0.0000
1.1559 0.1238 0.0000
1.1500 0.1179 0.0000
1.1331 0.1121 0.0000
1.1086 0.1066 0.0000
1.0800 0.1013 0.0000
1.0477 0.0968 0.0000
1.0051 0.0948 0.0000
0.9598 0.0953 0.0000
0.9057 0.0954 0.0000
0.8449 0.0930 0.0000
0.7801 0.0892 0.0000
0.7130 0.0848 0.0000
0.6449 0.0811 0.0000
0.5843 0.0785 0.0000
0.5352 0.0751 0.0000
0.4914 0.0713 0.0000
0.4498 0.0681 0.0000
0.4114 0.0650 0.0000
0.3740 0.0618 0.0000
0.3382 0.0587 0.0000
0.3054 0.0560 0.0000
0.2753 0.0549 0.0000
0.2486 0.0552 0.0000
0.2252 0.0536 0.0000
0.2041 0.0510 0.0000
0.1868 0.0487 0.0000
0.1742 0.0464 0.0000
0.1628 0.0445 0.0000
0.1540 0.0435 0.0000
0.1447 0.0424 0.0000
0.1348 0.0405 0.0000
0.1234 0.0385 0.0000
0.1125 0.0373 0.0000
0.1027 0.0376 0.0000
0.0935 0.0374 0.0000
0.0842 0.0356 0.0000
0.0758 0.0356 0.0000
0.0687 0.0355 0.0000
0.0621 0.0337 0.0000
0.0562 0.0334 0.0000
0.0509 0.0323 0.0000
0.0462 0.0309 0.0000
0.0430 0.0312 0.0000
0.0420 0.0315 0.0000
0.0439 0.0300 0.0000
0.0491 0.0291 0.0000
0.0570 0.0290 0.0000
0.0650 0.0285 0.0000
0.0716 0.0277 0.0000
0.0768 0.0264 0.0000
0.0817 0.0255 0.0000
0.0867 0.0260 0.0000
0.0915 0.0261 0.0000
0.0963 0.0249 0.0000
0.1010 0.0239 0.0000
0.1049 0.0230 0.0000
0.1081 0.0220 0.0000
0.1133 0.0209 0.0000
0.1231 0.0203 0.0000
0.1370 0.0197 0.0000
0.1530 0.0189 0.0000
0.1700 0.0203 0.0000
0.1865 0.0217 0.0000
0.2009 0.0208 0.0000
0.2122 0.0201 0.0000
0.2218 0.0196 0.0000
0.2286 0.0190 0.0000
0.2321 0.0182 0.0000
0.2332 0.0173 0.0000
0.2336 0.0165 0.0000
0.2326 0.0159 0.0000
0.2273 0.0151 0.0000
0.2187 0.0149 0.0000
0.2076 0.0145 0.0000
0.1953 0.0140 0.0000
0.1817 0.0142 0.0000
0.1687 0.0137 0.0000
0.1562 0.0130 0.0000
0.1443 0.0126 0.0000
0.1327 0.0123 0.0000
0.1205 0.0122 0.0000
0.1088 0.0120 0.0000
0.0975 0.0114 0.0000
