19641694208.0000 5104.8140 1.0000
21084719104.0000 4850.8018 1.0000
22592296960.0000 4611.2935 1.0000
24044038144.0000 4433.1411 1.0000
25200414720.0000 4383.7842 1.0000
25956427776.0000 4347.0786 1.0000
26385283072.0000 4141.8794 1.0000
26586339328.0000 4093.1428 1.0000
26656563200.0000 4342.9722 1.0000
26725259264.0000 4387.3872 1.0000
26908874752.0000 4189.1958 1.0000
27221045248.0000 3997.6816 1.0000
27582900224.0000 3885.6836 1.0000
27895441408.0000 3851.3938 1.0000
28048738304.0000 3819.4861 1.0000
27945490432.0000 3698.1650 1.0000
27548229632.0000 3517.3386 1.0000
26864939008.0000 3353.3914 1.0000
25907851264.0000 3236.9841 1.0000
24691245056.0000 3156.1108 1.0000
23246647296.0000 3076.5234 1.0000
21618245632.0000 2973.5938 1.0000
19856547840.0000 2848.1865 1.0000
18051641344.0000 2717.0000 1.0000
16314831872.0000 2599.5686 1.0000
14698822656.0000 2497.8928 1.0000
13193244672.0000 2373.0000 1.0000
11784814592.0000 2388.1997 1.0000
10467172352.0000 2614.0356 1.0000
9254373376.0000 2663.3799 1.0000
8173389824.0000 2530.5828 1.0000
7225255424.0000 2474.9893 1.0000
6396474880.0000 2389.9966 1.0000
5725537280.0000 2277.1826 1.0000
5221389312.0000 2207.4644 1.0000
4748676096.0000 2100.8218 1.0000
4306564096.0000 2020.4154 1.0000
3897700608.0000 1964.0393 1.0000
3526406912.0000 1878.3281 1.0000
3192131072.0000 1786.5232 1.0000
2888463104.0000 1708.7089 1.0000
2610299648.0000 1651.2330 1.0000
2353039360.0000 1573.5250 1.0000
2112219392.0000 1511.5317 1.0000
1887983744.0000 1492.9580 1.0000
1683372928.0000 1451.5782 1.0000
1501389056.0000 1381.9061 1.0000
1358643200.0000 1313.1733 1.0000
1240962176.0000 1247.5293 1.0000
1144496256.0000 1185.9778 1.0000
1068514496.0000 1126.7668 1.0000
1012164352.0000 1072.4381 1.0000
971976512.0000 1025.2711 1.0000
942079744.0000 981.6851 1.0000
925077184.0000 936.6080 1.0000
935667072.0000 890.7476 0.0000
980624832.0000 867.6252 0.0000
1051837504.0000 833.9350 0.0000
1140541184.0000 816.8033 0.0000
1221442176.0000 902.4173 0.0000
1288149120.0000 920.8558 0.0000
1333440896.0000 876.3351 0.0000
1347197952.0000 874.6185 0.0000
1320622336.0000 847.7645 0.0000
1253094144.0000 805.6293 0.0000
1185990400.0000 765.8330 0.0000
1090353024.0000 745.3439 0.0000
988785408.0000 799.2527 0.0000
901057152.0000 869.7982 0.0000
838827968.0000 870.3452 0.0000
799960384.0000 830.8798 0.0000
772102208.0000 789.4353 0.0000
752764160.0000 749.9917 0.0000
729907008.0000 724.0914 0.0000
694007680.0000 761.6061 0.0000
643132544.0000 841.1393 0.0000
581298560.0000 871.2663 0.0000
517507392.0000 853.7027 0.0000
462347424.0000 828.1215 0.0000
424632544.0000 811.7603 0.0000
409724160.0000 794.7342 0.0000
420102624.0000 759.7244 0.0000
452343776.0000 724.4256 0.0000
498079872.0000 703.6387 0.0000
552123328.0000 690.6693 0.0000
609436736.0000 695.0151 0.0000
662347840.0000 724.1500 0.0000
703483904.0000 741.7278 0.0000
732560512.0000 728.7658 0.0000
759749440.0000 715.2193 0.0000
800928704.0000 745.2997 0.0000
873714624.0000 809.5115 0.0000
991844160.0000 798.1072 0.0000
1160632064.0000 782.5151 0.0000
1382090880.0000 939.6304 0.0000
1661153152.0000 1136.5178 1.0000
2003198208.0000 1185.0709 1.0000
2404069120.0000 1145.5671 1.0000
2869911296.0000 1100.8566 1.0000
3389174272.0000 1083.2200 1.0000
3917218304.0000 1065.8752 1.0000
4439602688.0000 1013.1069 1.0000
4949587968.0000 996.3871 1.0000
5453729280.0000 1023.8330 1.0000
5966340608.0000 1044.3268 1.0000
6490592256.0000 1046.6331 1.0000
7004619264.0000 1021.9293 1.0000
7469077504.0000 971.4490 1.0000
7906409984.0000 937.6360 1.0000
8254389248.0000 910.8327 1.0000
8452341760.0000 865.4464 1.0000
8491147776.0000 844.1635 1.0000
8381980160.0000 845.5721 1.0000
8145497088.0000 822.1094 1.0000
7807346688.0000 781.0607 1.0000
7400813568.0000 748.0308 0.0000
6946778624.0000 718.9310 0.0000
6458374144.0000 691.6893 0.0000
5958447104.0000 671.2253 0.0000
5471259648.0000 651.4268 0.0000
5009675264.0000 622.4869 0.0000
4574090240.0000 592.1484 0.0000
4159754240.0000 573.2708 0.0000
3763841280.0000 596.4174 0.0000
3387953408.0000 630.6788 0.0000
3038806016.0000 615.3484 0.0000
2725506560.0000 588.2544 0.0000
2460264704.0000 597.2345 0.0000
2266694912.0000 619.0522 0.0000
2190770432.0000 613.0753 0.0000
2294803200.0000 585.7554 0.0000
2626298368.0000 561.2234 0.0000
3212869120.0000 590.4076 0.0000
4069221632.0000 712.2604 0.0000
5333652480.0000 790.9653 0.0000
6888592384.0000 775.8220 0.0000
8647514112.0000 737.3557 0.0000
10509079552.0000 703.0065 0.0000
12344100864.0000 685.2486 0.0000
14009463808.0000 710.3365 0.0000
15392062464.0000 786.7150 0.0000
16410946560.0000 892.8273 0.0000
17017276416.0000 995.2698 0.0000
17198231552.0000 1054.6941 0.0000
16973802496.0000 1052.3721 0.0000
16383135744.0000 1008.0135 0.0000
15477498880.0000 959.8047 0.0000
14329224192.0000 939.1686 0.0000
13027463168.0000 946.0097 0.0000
11666129920.0000 955.3011 0.0000
10336593920.0000 952.9932 0.0000
9121397760.0000 936.6030 0.0000
8086432256.0000 903.3274 0.0000
7275900416.0000 859.4968 0.0000
6719221760.0000 816.9482 0.0000
6526535680.0000 776.8026 0.0000
6531505664.0000 738.0004 0.0000
6694120960.0000 701.1249 0.0000
6957956608.0000 666.9796 0.0000
7266667520.0000 635.4057 0.0000
7583688704.0000 603.6397 0.0000
7890281472.0000 582.1812 0.0000
8173889536.0000 578.9290 0.0000
8434573312.0000 571.4879 0.0000
8690425856.0000 549.1850 0.0000
8961108992.0000 522.0018 0.0000
9246006272.0000 498.4491 0.0000
9520251904.0000 500.7727 0.0000
9745595392.0000 561.3191 0.0000
9881137152.0000 640.3543 0.0000
9891554304.0000 657.8032 0.0000
9759763456.0000 627.6459 0.0000
9486767104.0000 601.5841 0.0000
9072911360.0000 583.4857 0.0000
8525361152.0000 562.1271 0.0000
7879000576.0000 539.4390 0.0000
7188629504.0000 526.1534 0.0000
6504246784.0000 539.7264 0.0000
5860102656.0000 565.7339 0.0000
5275041280.0000 561.9559 0.0000
4753890816.0000 535.3163 0.0000
4293393664.0000 510.9164 0.0000
3889069824.0000 498.1350 0.0000
3538318592.0000 509.9858 0.0000
3239843840.0000 546.8062 0.0000
2992561920.0000 565.7357 0.0000
2795755776.0000 545.6212 0.0000
2649872128.0000 519.6498 0.0000
2559618048.0000 500.8039 0.0000
2540107264.0000 478.1361 0.0000
2615472128.0000 454.4757 0.0000
2809106176.0000 432.9149 0.0000
3142801408.0000 412.0657 0.0000
3630879488.0000 407.9035 0.0000
4232338176.0000 436.3756 0.0000
4841895936.0000 519.0456 0.0000
5400752128.0000 629.2567 0.0000
5942894592.0000 624.5319 0.0000
6519954432.0000 670.2555 0.0000
7156801536.0000 964.0974 0.0000
7856880640.0000 1103.3457 0.0000
8609587200.0000 1051.0194 0.0000
9391906816.0000 1028.1199 0.0000
10168222720.0000 992.6086 0.0000
10889072640.0000 942.9789 0.0000
11503045632.0000 896.2982 0.0000
11958160384.0000 853.5381 0.0000
12194701312.0000 819.8520 0.0000
12162087936.0000 784.9727 0.0000
11838611456.0000 746.6379 0.0000
11249364992.0000 709.3435 0.0000
10467756032.0000 675.6548 0.0000
9582091264.0000 652.6744 0.0000
8668895232.0000 644.5072 0.0000
7787919872.0000 629.9614 0.0000
6985713664.0000 599.3628 0.0000
6303196672.0000 575.6668 0.0000
5777004544.0000 560.6064 0.0000
5438548992.0000 538.2410 0.0000
5317453824.0000 511.7134 0.0000
5459202560.0000 486.7177 0.0000
5933646336.0000 471.7720 0.0000
6767461376.0000 465.5128 0.0000
7905540096.0000 442.2444 0.0000
9265245184.0000 475.4893 0.0000
10760561664.0000 549.3219 0.0000
12282705920.0000 541.9759 0.0000
13700052992.0000 521.4472 0.0000
14884264960.0000 519.6071 0.0000
15728200704.0000 504.6468 0.0000
16160758784.0000 483.7852 0.0000
16162627584.0000 467.9999 0.0000
15767932928.0000 462.2278 0.0000
15050327040.0000 458.5786 0.0000
14100633600.0000 447.2115 0.0000
13014081536.0000 428.3152 0.0000
11877587968.0000 407.3048 0.0000
10754187264.0000 386.9505 0.0000
9683798016.0000 368.9581 0.0000
8693990400.0000 358.0240 0.0000
7800294912.0000 352.6140 0.0000
7003317760.0000 344.1811 0.0000
6294742016.0000 336.2439 0.0000
5665052160.0000 342.4235 0.0000
5105522176.0000 364.9883 0.0000
4608565760.0000 372.7791 0.0000
4169229824.0000 358.4138 0.0000
3785203968.0000 340.5019 0.0000
3455141120.0000 324.1307 0.0000
3180384512.0000 310.1722 0.0000
2964088320.0000 301.9273 0.0000
2799672576.0000 304.8669 0.0000
2668979456.0000 331.3458 0.0000
2553976832.0000 382.3848 0.0000
2439562240.0000 412.8785 0.0000
2331130112.0000 400.2226 0.0000
2236730880.0000 383.2365 0.0000
2134942080.0000 390.8362 0.0000
2048827776.0000 438.1624 0.0000
2009664256.0000 524.3577 0.0000
2061262208.0000 590.5198 0.0000
2257016064.0000 583.0696 0.0000
2642275328.0000 561.8306 0.0000
3240139776.0000 631.3892 0.0000
4060731136.0000 775.5390 0.0000
5107367936.0000 861.2972 0.0000
6350074368.0000 849.6429 0.0000
7709143040.0000 809.1160 0.0000
9086438400.0000 769.1752 0.0000
10402205696.0000 730.9639 0.0000
11583976448.0000 700.8284 0.0000
12552342528.0000 708.8221 0.0000
13246659584.0000 732.2932 0.0000
13644013568.0000 731.0952 0.0000
13751812096.0000 716.6675 0.0000
13653913600.0000 706.4867 0.0000
13483586560.0000 689.0643 0.0000
12969061376.0000 655.1484 0.0000
12148662272.0000 670.9692 0.0000
11148870656.0000 675.6511 0.0000
10099171328.0000 657.8718 0.0000
9098915840.0000 812.8195 0.0000
8214833152.0000 921.5126 0.0000
7494140416.0000 876.0436 0.0000
6964644352.0000 927.0369 0.0000
6632924672.0000 1006.9363 0.0000
6494294528.0000 996.4214 0.0000
6535720960.0000 954.9815 0.0000
6732987904.0000 922.6476 0.0000
7051538432.0000 909.2970 0.0000
7453498880.0000 886.1586 0.0000
7902714368.0000 845.1913 0.0000
8367140352.0000 802.9424 0.0000
8815281152.0000 762.8909 0.0000
9210540032.0000 724.9864 0.0000
9528242176.0000 692.0988 0.0000
9775503360.0000 665.8965 0.0000
9970397184.0000 636.2867 0.0000
10120071168.0000 604.5833 0.0000
10230450176.0000 575.2278 0.0000
10310936576.0000 557.9244 0.0000
10361088000.0000 555.2263 0.0000
10361637888.0000 552.8267 0.0000
10284019712.0000 547.4286 0.0000
10105867264.0000 539.3093 0.0000
9818359808.0000 520.3881 0.0000
9425575936.0000 494.4940 0.0000
8942611456.0000 483.7274 0.0000
8392080384.0000 491.0631 0.0000
7795348480.0000 497.2690 0.0000
7171821568.0000 489.6404 0.0000
6545291776.0000 472.3905 0.0000
5939886080.0000 454.7995 0.0000
5372329984.0000 442.5711 0.0000
4851770880.0000 431.5719 0.0000
4380835328.0000 413.4320 0.0000
3957174784.0000 393.0314 0.0000
3576536832.0000 383.8069 0.0000
3236005120.0000 401.7286 0.0000
2934547968.0000 438.5037 0.0000
2669335296.0000 443.4619 0.0000
2435400704.0000 421.3684 0.0000
2229313024.0000 417.8075 0.0000
2051600000.0000 405.6915 0.0000
1909174528.0000 388.3581 0.0000
1818854656.0000 397.7888 0.0000
1804333184.0000 404.5055 0.0000
1884406016.0000 385.4262 0.0000
2065716992.0000 388.5760 0.0000
2338471424.0000 449.4969 0.0000
2677744128.0000 515.8536 0.0000
3066123008.0000 528.8682 0.0000
3508606976.0000 502.9970 0.0000
4017501184.0000 499.5383 0.0000
4597073920.0000 522.6298 0.0000
5247750656.0000 521.3321 0.0000
5972890624.0000 497.4321 0.0000
6763797504.0000 472.6956 0.0000
7586674688.0000 449.3866 0.0000
8396786688.0000 427.9624 0.0000
9146037248.0000 410.1377 0.0000
9777824768.0000 393.5678 0.0000
10233521152.0000 375.2244 0.0000
10464590848.0000 356.5358 0.0000
10432069632.0000 338.7185 0.0000
10122745856.0000 321.7852 0.0000
9576801280.0000 306.1182 0.0000
8871414784.0000 301.1415 0.0000
8084492288.0000 331.8307 0.0000
7281404928.0000 376.2536 0.0000
6515872256.0000 377.5743 0.0000
5832580096.0000 359.5865 0.0000
5269754880.0000 363.7074 0.0000
4852888576.0000 369.9012 0.0000
4594461696.0000 359.2803 0.0000
4500358656.0000 342.8611 0.0000
4568166400.0000 329.0574 0.0000
4789514752.0000 322.7208 0.0000
5164959232.0000 318.9993 0.0000
5710823936.0000 312.9252 0.0000
6438049792.0000 304.7389 0.0000
7323265024.0000 290.8717 0.0000
8308444160.0000 283.1073 0.0000
9324711936.0000 312.5330 0.0000
10303064064.0000 351.2233 0.0000
11170260992.0000 353.2646 0.0000
11863628800.0000 336.0905 0.0000
12338176000.0000 321.2082 0.0000
12562563072.0000 308.8266 0.0000
12550265856.0000 299.1151 0.0000
12359226368.0000 302.0169 0.0000
12048539648.0000 332.1277 0.0000
11656724480.0000 360.9037 0.0000
11299244032.0000 349.0292 0.0000
10916355072.0000 343.6944 0.0000
10466837504.0000 377.3204 0.0000
9946226688.0000 411.3821 0.0000
9360667648.0000 419.2105 0.0000
8724355072.0000 405.2933 0.0000
8052622336.0000 385.0532 0.0000
7362116608.0000 367.2755 0.0000
6673221120.0000 350.3995 0.0000
6009332736.0000 333.0400 0.0000
5409852928.0000 317.6049 0.0000
4942701568.0000 308.6685 0.0000
4685717504.0000 295.7946 0.0000
4708177408.0000 291.3447 0.0000
5053977600.0000 349.0415 0.0000
5717264384.0000 437.1758 0.0000
6645533184.0000 485.7175 0.0000
7769976320.0000 485.5414 0.0000
9044014080.0000 462.2023 0.0000
10421412864.0000 448.1059 0.0000
11809355776.0000 463.3951 0.0000
13186031616.0000 501.0224 0.0000
14590505984.0000 542.1643 0.0000
16087856128.0000 565.9147 0.0000
17618771968.0000 558.3060 0.0000
19180783616.0000 532.5876 0.0000
20691359744.0000 507.0557 0.0000
21973018624.0000 499.8167 0.0000
22813972480.0000 546.7802 0.0000
23012974592.0000 636.2668 0.0000
22472607744.0000 676.0114 0.0000
21274726400.0000 644.4253 0.0000
19636135936.0000 671.8242 0.0000
17808734208.0000 864.8466 0.0000
16015441920.0000 1088.9254 0.0000
14427933696.0000 1154.0177 0.0000
13156510720.0000 1104.0493 0.0000
12246402048.0000 1058.7655 0.0000
11689075712.0000 1034.5808 0.0000
11431284736.0000 1016.1599 0.0000
11387867136.0000 1003.5404 0.0000
11478444032.0000 1000.1744 0.0000
11644952576.0000 1008.8112 1.0000
11887050752.0000 1026.6899 1.0000
12321137664.0000 1035.2770 1.0000
12768240640.0000 1017.6525 1.0000
13239246848.0000 977.8445 1.0000
13714230272.0000 928.9996 1.0000
14124150784.0000 902.3119 1.0000
14383292416.0000 955.4987 1.0000
14436365312.0000 1066.0519 1.0000
14273520640.0000 1104.2133 1.0000
13918958592.0000 1055.9434 1.0000
13411793920.0000 1013.0725 1.0000
12786262016.0000 981.4666 1.0000
12058208256.0000 934.7264 1.0000
11244093440.0000 893.1149 1.0000
10386298880.0000 859.1379 1.0000
9532910592.0000 816.2571 1.0000
8714807296.0000 804.0972 1.0000
7950085120.0000 809.3623 1.0000
7249729536.0000 780.4556 1.0000
6616507904.0000 742.4836 0.0000
6044833792.0000 719.1417 0.0000
5524077568.0000 708.9024 0.0000
5043298816.0000 707.7917 0.0000
4594157056.0000 699.6724 0.0000
4172006912.0000 670.4220 0.0000
3775238656.0000 639.0822 0.0000
3404648192.0000 624.9708 0.0000
3062813696.0000 616.2504 0.0000
2755443712.0000 597.2408 0.0000
2495482880.0000 569.2659 0.0000
2301310720.0000 540.8582 0.0000
2195792128.0000 515.0684 0.0000
2213003008.0000 495.4276 0.0000
2385939456.0000 475.7045 0.0000
2725111296.0000 454.7253 0.0000
3223841536.0000 439.6525 0.0000
3868826880.0000 433.1371 0.0000
4635573248.0000 417.0557 0.0000
5487543296.0000 397.9417 0.0000
6385884672.0000 395.0196 0.0000
7299710976.0000 398.6335 0.0000
8209908736.0000 401.1866 0.0000
9105070080.0000 405.9806 0.0000
10017747968.0000 416.4217 0.0000
11015755776.0000 434.1135 0.0000
12075914240.0000 436.4567 0.0000
13014342656.0000 420.6220 0.0000
13579491328.0000 616.5510 0.0000
13625918464.0000 1055.8496 0.0000
13166824448.0000 1199.1145 0.0000
12316436480.0000 1155.7140 0.0000
11241389056.0000 1432.3398 0.0000
10116324352.0000 1762.8407 0.0000
9090111488.0000 1846.7653 0.0000
8273094656.0000 1786.3875 0.0000
7736185344.0000 1698.7648 0.0000
7511187456.0000 1615.2223 0.0000
7594172928.0000 1547.0314 0.0000
7948549632.0000 1502.3149 0.0000
8496152576.0000 1469.5908 1.0000
9137379328.0000 1427.5110 1.0000
9813297152.0000 1381.9758 1.0000
10514959360.0000 1368.7991 1.0000
11243464704.0000 1422.3441 1.0000
11997037568.0000 1464.8094 1.0000
12773584896.0000 1413.8484 1.0000
13551027200.0000 1351.1221 1.0000
14258664448.0000 1348.9814 1.0000
14794093568.0000 1398.6091 1.0000
15079427072.0000 1460.9675 1.0000
15088457728.0000 1469.4364 1.0000
14834213888.0000 1407.1694 1.0000
14352655360.0000 1342.9783 1.0000
13692873728.0000 1301.8805 1.0000
12898492416.0000 1253.5715 1.0000
11997854720.0000 1192.3625 1.0000
11024012288.0000 1135.1156 1.0000
10025678848.0000 1083.0330 1.0000
9052707840.0000 1028.9402 1.0000
8142474752.0000 992.2327 0.0000
7315700224.0000 975.4019 0.0000
6575753216.0000 953.5956 0.0000
5914838528.0000 914.7205 0.0000
5324445696.0000 872.5452 0.0000
