91363663872.0000 17242.4629 1.0000
86702088192.0000 16807.8164 1.0000
81718009856.0000 16596.2734 1.0000
76169863168.0000 15920.2607 1.0000
70069960704.0000 15142.4053 1.0000
63951757312.0000 14409.6621 1.0000
58260037632.0000 14000.2266 1.0000
53228539904.0000 14970.7607 1.0000
49032839168.0000 15532.5918 1.0000
45870530560.0000 14788.2734 1.0000
43972997120.0000 14552.4287 1.0000
43511619584.0000 14654.1533 1.0000
44755750912.0000 14272.0869 1.0000
48311013376.0000 13594.8682 1.0000
54759915520.0000 12917.3086 1.0000
63922606080.0000 12271.9316 1.0000
74467835904.0000 11846.1602 1.0000
84504535040.0000 12060.2764 1.0000
92409733120.0000 12318.5615 1.0000
97714053120.0000 11794.7559 1.0000
101187928064.0000 11720.8037 1.0000
103189397504.0000 13341.9619 1.0000
103073800192.0000 14351.4414 1.0000
100326408192.0000 13675.4814 1.0000
94949580800.0000 13565.8340 1.0000
87401414656.0000 13489.5312 1.0000
78830043136.0000 12822.1592 1.0000
70535315456.0000 12653.4697 1.0000
63254822912.0000 13468.3936 1.0000
57098391552.0000 14469.6514 1.0000
51967815680.0000 14332.7510 1.0000
47899885568.0000 13741.5312 1.0000
44898340864.0000 15098.9365 1.0000
42794196992.0000 16887.4004 1.0000
41325162496.0000 16707.9980 1.0000
40308133888.0000 15872.8252 1.0000
39967985664.0000 15080.8252 1.0000
40427704320.0000 14526.6475 1.0000
41395605504.0000 14242.3105 1.0000
42082160640.0000 13539.5654 1.0000
41496162304.0000 13730.9277 1.0000
39212634112.0000 15318.7051 1.0000
35547340800.0000 15687.2939 1.0000
31420370944.0000 14902.9590 1.0000
27937054720.0000 14906.7666 1.0000
25598251008.0000 15801.0625 1.0000
24204453888.0000 16930.2676 1.0000
23608514560.0000 17043.1289 1.0000
23889086464.0000 16217.3262 1.0000
25292619776.0000 17415.8535 1.0000
28254074880.0000 19810.8926 1.0000
32968781824.0000 20229.4727 1.0000
39353303040.0000 19267.9199 1.0000
46268731392.0000 18626.4316 1.0000
51957055488.0000 18916.3145 1.0000
55045103616.0000 19536.2852 1.0000
55095574528.0000 19169.5449 1.0000
52546289664.0000 18221.7305 1.0000
47970168832.0000 17940.7051 1.0000
43149893632.0000 17911.7109 1.0000
40272834560.0000 17586.8125 1.0000
40924393472.0000 17251.5781 1.0000
46003281920.0000 17457.3438 1.0000
53953032192.0000 18191.6758 1.0000
63554260992.0000 17990.3496 1.0000
74176905216.0000 17231.5840 1.0000
85409038336.0000 19223.3242 1.0000
96333651968.0000 22802.8926 1.0000
105472868352.0000 23707.3047 1.0000
111766396928.0000 22656.8145 1.0000
115343163392.0000 21524.6270 1.0000
117120262144.0000 20766.9902 1.0000
116923932672.0000 20710.2129 1.0000
113964236800.0000 19938.9883 1.0000
108978364416.0000 19067.9219 1.0000
103150379008.0000 18475.5996 1.0000
97665318912.0000 17566.7891 1.0000
93440835584.0000 16731.0723 1.0000
90467180544.0000 16019.4932 1.0000
87566311424.0000 17883.0508 1.0000
84040056832.0000 24032.5312 1.0000
80424329216.0000 28385.9590 1.0000
79770460160.0000 27324.2051 1.0000
78483865600.0000 28023.7461 1.0000
76807446528.0000 31424.6699 1.0000
74736443392.0000 31582.4844 1.0000
72222212096.0000 30003.7695 1.0000
69321932800.0000 28752.6973 1.0000
66039812096.0000 27315.2266 1.0000
62249914368.0000 26200.8516 1.0000
57852321792.0000 25011.9980 1.0000
52987125760.0000 23780.6484 1.0000
47960297472.0000 22628.1699 1.0000
43062996992.0000 21612.2109 1.0000
38466920448.0000 21331.1758 1.0000
34233384960.0000 21186.5469 1.0000
30428893184.0000 20369.0156 1.0000
27179913216.0000 19398.8652 1.0000
24599189504.0000 19104.9570 1.0000
22629027840.0000 19506.1738 1.0000
21088319488.0000 20088.0840 1.0000
19898155008.0000 20094.0625 1.0000
19434852352.0000 19251.6367 1.0000
19323951104.0000 18403.2969 1.0000
19807926272.0000 18210.2148 1.0000
21127131136.0000 18131.4375 1.0000
23320461312.0000 17489.7852 1.0000
26172203008.0000 16628.3203 1.0000
29125539840.0000 16179.0703 1.0000
31619403776.0000 15902.8076 1.0000
33867878400.0000 15243.6016 1.0000
35985149952.0000 14539.5752 1.0000
36518838272.0000 14093.7100 1.0000
35233718272.0000 13430.4170 1.0000
32813735936.0000 12777.4756 1.0000
30202648576.0000 12241.7607 1.0000
27984654336.0000 13332.8994 1.0000
26443380736.0000 15326.1807 1.0000
25644652544.0000 15167.5820 1.0000
25402619904.0000 14583.6162 1.0000
25362919424.0000 14705.6035 1.0000
25263372288.0000 14494.2832 1.0000
24949327872.0000 14065.1123 1.0000
24247545856.0000 13844.6367 1.0000
23138486272.0000 13862.7471 1.0000
21676912640.0000 13676.9785 1.0000
19881678848.0000 13129.8760 1.0000
17913479168.0000 12474.7051 1.0000
15988604928.0000 11853.3291 1.0000
14221988864.0000 11266.9775 1.0000
12635202560.0000 10705.9229 1.0000
11201498112.0000 10288.6963 1.0000
9903567872.0000 10446.0283 1.0000
8779558912.0000 10873.2617 1.0000
7939919360.0000 10861.9014 1.0000
7578996736.0000 10443.1113 1.0000
7966913024.0000 9930.7334 1.0000
9214303232.0000 9442.1133 1.0000
10912239616.0000 9205.7539 1.0000
12361064448.0000 9892.1123 1.0000
12988437504.0000 11139.5898 1.0000
12636745728.0000 11249.4854 1.0000
11636573184.0000 10741.1562 1.0000
10435787776.0000 11800.1660 1.0000
9300907008.0000 14385.3320 1.0000
8310990848.0000 16011.0859 1.0000
7502140416.0000 15537.2520 1.0000
6955494400.0000 15139.6387 1.0000
6858637312.0000 16195.3232 1.0000
7493771264.0000 17008.6602 1.0000
9007512576.0000 16508.0566 1.0000
11508801536.0000 15706.9121 1.0000
15143191552.0000 15104.9170 1.0000
19984388096.0000 14384.6084 1.0000
26223470592.0000 13680.7568 1.0000
33346422784.0000 13007.7803 1.0000
40429842432.0000 12427.8545 1.0000
46605733888.0000 12151.1562 1.0000
51093868544.0000 11738.7178 1.0000
53831131136.0000 11170.7607 1.0000
55281127424.0000 11254.8086 1.0000
55866376192.0000 11993.0205 1.0000
55814037504.0000 12168.8555 1.0000
55227289600.0000 11590.9746 1.0000
54339813376.0000 11203.0498 1.0000
53177720832.0000 11009.3506 1.0000
51638718464.0000 10753.6055 1.0000
49671847936.0000 10533.4434 1.0000
47221751808.0000 10377.6221 1.0000
44439830528.0000 10057.4600 1.0000
41544757248.0000 9554.9805 1.0000
38682632192.0000 9230.4150 1.0000
35907055616.0000 8953.8652 1.0000
33352970240.0000 8529.9102 1.0000
31393118208.0000 8109.0015 1.0000
30494066688.0000 7886.5938 1.0000
30922866688.0000 7888.9092 1.0000
32606763008.0000 7496.0537 1.0000
35380588544.0000 8006.2593 1.0000
39210024960.0000 9172.1602 1.0000
44257841152.0000 9008.5068 1.0000
51057545216.0000 8785.5801 1.0000
60582580224.0000 9360.0498 1.0000
73073729536.0000 9531.4668 1.0000
86618529792.0000 9058.6533 1.0000
98631639040.0000 9848.1943 1.0000
107654455296.0000 11286.0205 1.0000
113612595200.0000 10841.4316 1.0000
117648171008.0000 11949.3174 1.0000
121186222080.0000 16212.2266 1.0000
126214242304.0000 18597.6328 1.0000
133656666112.0000 17882.7617 1.0000
141772505088.0000 17741.4199 1.0000
149349679104.0000 19311.9004 1.0000
154864697344.0000 20626.6953 1.0000
157134651392.0000 20536.8184 1.0000
156355739648.0000 19585.5273 1.0000
153268895744.0000 18762.9824 1.0000
148201488384.0000 18442.3867 1.0000
141202161664.0000 17916.4355 1.0000
132325416960.0000 17029.4766 1.0000
121905709056.0000 16259.3838 1.0000
110624768000.0000 15478.5635 1.0000
99186614272.0000 14744.1807 1.0000
88315559936.0000 14110.5713 1.0000
78928977920.0000 13406.6514 1.0000
71633756160.0000 12749.0889 1.0000
66483535872.0000 12182.4219 1.0000
63005024256.0000 12165.7764 1.0000
60399669248.0000 12177.6572 1.0000
58061824000.0000 11626.6885 1.0000
56046116864.0000 11384.4453 1.0000
54904160256.0000 12698.6611 1.0000
55322439680.0000 15099.6074 1.0000
58122219520.0000 16199.3477 1.0000
64250867712.0000 15551.7998 1.0000
74370392064.0000 15091.2480 1.0000
88322244608.0000 15711.0264 1.0000
105315295232.0000 16940.9941 1.0000
124486238208.0000 17833.7305 1.0000
145489182720.0000 17610.4238 1.0000
169013313536.0000 16730.3750 1.0000
195956326400.0000 16363.3682 1.0000
225789313024.0000 16185.0146 1.0000
257240678400.0000 15428.0762 1.0000
288885309440.0000 14819.7041 1.0000
318475763712.0000 14299.1475 1.0000
344000823296.0000 13587.9180 1.0000
363138973696.0000 13014.2852 1.0000
372849868800.0000 12489.1328 1.0000
370864259072.0000 11873.8125 1.0000
357084659712.0000 11282.3916 1.0000
334178287616.0000 10783.8389 1.0000
306265391104.0000 11133.5996 1.0000
276879278080.0000 13044.7539 1.0000
248193040384.0000 14920.3262 1.0000
221418323968.0000 14805.7451 1.0000
197301829632.0000 14235.9912 1.0000
177052450816.0000 15281.9102 1.0000
161942863872.0000 16865.7109 1.0000
150167388160.0000 17724.9336 1.0000
140840730624.0000 18587.2129 1.0000
132516806656.0000 20654.1387 1.0000
124363472896.0000 22652.3398 1.0000
116538179584.0000 21898.4336 1.0000
109400293376.0000 22154.3164 1.0000
102803832832.0000 25780.4922 1.0000
96019030016.0000 27066.7246 1.0000
88399749120.0000 25743.8086 1.0000
80065208320.0000 24832.1367 1.0000
71625408512.0000 23600.1211 1.0000
63915675648.0000 23215.6660 1.0000
58023243776.0000 23509.5254 1.0000
54738243584.0000 22984.2559 1.0000
54194679808.0000 22048.7539 1.0000
55970865152.0000 21159.9062 1.0000
59610599424.0000 20235.9277 1.0000
64725872640.0000 19253.9980 1.0000
70611427328.0000 18973.9414 1.0000
76682182656.0000 19106.4980 1.0000
82545975296.0000 18807.8125 1.0000
87424180224.0000 18140.4375 1.0000
90259873792.0000 17332.2695 1.0000
90699776000.0000 16494.9082 1.0000
89242542080.0000 15744.6904 1.0000
86710018048.0000 15429.7686 1.0000
84036747264.0000 15748.1377 1.0000
81624113152.0000 15667.8291 1.0000
79071903744.0000 14893.1328 1.0000
75692310528.0000 15850.9717 1.0000
70863904768.0000 18942.8574 1.0000
64505622528.0000 20870.0938 1.0000
57322008576.0000 20429.7402 1.0000
50306691072.0000 19481.7715 1.0000
44158623744.0000 19552.0605 1.0000
39196155904.0000 19972.9766 1.0000
35325333504.0000 19676.6602 1.0000
32294393856.0000 18836.9766 1.0000
30018015232.0000 17897.4805 1.0000
28412723200.0000 17254.2695 1.0000
27337719808.0000 16972.4492 1.0000
26746396672.0000 16505.7422 1.0000
26423930880.0000 15732.7266 1.0000
25963976704.0000 14982.7041 1.0000
25231978496.0000 14429.6523 1.0000
24484843520.0000 13738.6562 1.0000
24083750912.0000 13412.4170 1.0000
24768194560.0000 13914.8213 1.0000
26284996608.0000 13519.0137 1.0000
28758626304.0000 13193.1934 1.0000
32079480832.0000 14239.3389 1.0000
35855781888.0000 15064.2578 1.0000
39608606720.0000 14966.4268 1.0000
42708553728.0000 14412.7217 1.0000
44619825152.0000 13732.1504 1.0000
45114183680.0000 13053.3262 1.0000
44062707712.0000 12628.2598 1.0000
41519153152.0000 12501.1348 1.0000
37948481536.0000 12241.6035 1.0000
34185388032.0000 11828.7734 1.0000
30867662848.0000 11668.7920 1.0000
28286429184.0000 12161.4668 1.0000
26623449088.0000 12290.9824 1.0000
25891823616.0000 11676.5156 1.0000
25758904320.0000 11611.0127 1.0000
25851129856.0000 11431.1934 1.0000
26114064384.0000 10922.0811 1.0000
26619781120.0000 10512.3984 1.0000
27424743424.0000 10714.1621 1.0000
28400742400.0000 11022.1768 1.0000
29149573120.0000 10539.8047 1.0000
29273384960.0000 10346.5078 1.0000
28591616000.0000 10538.7988 1.0000
27194157056.0000 10133.8984 1.0000
25341915136.0000 9776.5205 1.0000
23257233408.0000 9885.7705 1.0000
21181462528.0000 10000.7363 1.0000
19286704128.0000 9906.3008 1.0000
17501511680.0000 9422.9521 1.0000
15706452992.0000 9912.7334 1.0000
13927520256.0000 12824.1943 1.0000
12288892928.0000 14456.9189 1.0000
10874162176.0000 13758.7607 1.0000
9644391424.0000 14215.2432 1.0000
8508834816.0000 15409.9883 1.0000
7482282496.0000 15401.4541 1.0000
6773208064.0000 14636.2910 1.0000
6538642432.0000 14205.2295 1.0000
6970783744.0000 14083.9473 1.0000
8131122688.0000 13928.3828 1.0000
10033196032.0000 13646.8193 1.0000
12630113280.0000 13124.0869 1.0000
15889500160.0000 12468.8252 1.0000
19813955584.0000 12058.2783 1.0000
24380147712.0000 11904.2627 1.0000
29280700416.0000 11608.8428 1.0000
33837434880.0000 11047.3906 1.0000
37649342464.0000 10553.5498 1.0000
40518205440.0000 10052.7207 1.0000
42035548160.0000 9618.7217 1.0000
41721835520.0000 9288.6855 1.0000
39671672832.0000 8825.5635 1.0000
36523614208.0000 8400.7725 1.0000
32888387584.0000 8090.1294 1.0000
29300303872.0000 8513.0059 1.0000
26070263808.0000 9098.1748 1.0000
23271124992.0000 8958.8750 1.0000
20916865024.0000 8561.2881 1.0000
18918676480.0000 9060.3359 1.0000
17126551552.0000 9839.0439 1.0000
15442220032.0000 9664.0645 1.0000
13906172928.0000 9181.3740 1.0000
12627815424.0000 8737.1943 1.0000
11606150144.0000 9234.1953 1.0000
10743462912.0000 11397.8555 1.0000
9972524032.0000 12397.8496 1.0000
9320274944.0000 11780.4570 1.0000
8823168000.0000 12908.3232 1.0000
8353596928.0000 14421.4658 1.0000
7763984384.0000 13963.0723 1.0000
7109920768.0000 13377.5215 1.0000
6520379392.0000 12714.1143 1.0000
6183230976.0000 12718.1768 1.0000
6462796800.0000 13223.6064 1.0000
7801468416.0000 12814.7646 1.0000
10167248896.0000 12189.3672 1.0000
12929945600.0000 12008.7783 1.0000
15272974336.0000 13176.9824 1.0000
16641388544.0000 13374.6338 1.0000
16818833408.0000 12950.0879 1.0000
15973890048.0000 15271.9727 1.0000
14572473344.0000 18437.8984 1.0000
13068703744.0000 20007.6133 1.0000
11766904832.0000 20199.7520 1.0000
10813900800.0000 19669.3984 1.0000
10172903424.0000 18809.7715 1.0000
9737295872.0000 17870.0215 1.0000
9397628928.0000 17100.4785 1.0000
9099734016.0000 16823.4688 1.0000
8788400128.0000 17041.5859 1.0000
8469211136.0000 17244.7148 1.0000
8287287296.0000 17234.2461 1.0000
8337593856.0000 17195.9570 1.0000
8463253504.0000 16729.1230 1.0000
8427936256.0000 15956.1338 1.0000
8173584896.0000 16279.2354 1.0000
7815346176.0000 16127.8369 1.0000
7513314816.0000 15420.9502 1.0000
7427223552.0000 15936.5225 1.0000
7765646848.0000 15881.5361 1.0000
8870437888.0000 15093.2451 1.0000
11221105664.0000 14899.9746 1.0000
15297624064.0000 14863.8428 1.0000
21376311296.0000 14692.4404 1.0000
29477371904.0000 14667.9258 1.0000
39337594880.0000 14850.3057 1.0000
50055675904.0000 14823.5430 1.0000
60053876736.0000 14421.2119 1.0000
67661705216.0000 13807.3232 1.0000
71705387008.0000 13117.1631 1.0000
72040300544.0000 12848.2578 1.0000
69515059200.0000 14229.8936 1.0000
65284591616.0000 17664.8613 1.0000
60334923776.0000 20960.9160 1.0000
55344820224.0000 21862.8770 1.0000
50639826944.0000 20978.7344 1.0000
46302986240.0000 20077.1445 1.0000
42343563264.0000 19969.5332 1.0000
38734049280.0000 20415.5645 1.0000
35440451584.0000 20910.1582 1.0000
32487557120.0000 21171.7969 1.0000
29949239296.0000 20956.3691 1.0000
27951028224.0000 20168.2871 1.0000
26673463296.0000 19164.0703 1.0000
26233735168.0000 18291.7168 1.0000
26270545920.0000 17808.7773 1.0000
26299529216.0000 17728.9395 1.0000
26492047360.0000 17162.5977 1.0000
27271237632.0000 16425.8379 1.0000
29286074368.0000 16754.2344 1.0000
33201231872.0000 16732.1465 1.0000
39193747456.0000 15899.6201 1.0000
47152664576.0000 16264.8223 1.0000
57460334592.0000 17211.1055 1.0000
71403716608.0000 16731.9570 1.0000
90645446656.0000 16027.8213 1.0000
115605733376.0000 15611.0703 1.0000
144858169344.0000 14850.1904 1.0000
177117184000.0000 15198.6719 1.0000
211668303872.0000 15382.8936 1.0000
247859052544.0000 14616.7500 1.0000
284714729472.0000 14801.4629 1.0000
320593854464.0000 15015.4414 1.0000
354226765824.0000 14443.6670 1.0000
383892684800.0000 13723.2480 1.0000
407670882304.0000 13041.1377 1.0000
426270982144.0000 12467.5596 1.0000
441748717568.0000 12166.2715 1.0000
455104593920.0000 12082.3730 1.0000
467308445696.0000 11683.6289 1.0000
480185122816.0000 11112.9746 1.0000
495196864512.0000 10833.4736 1.0000
510710284288.0000 10776.9268 1.0000
522937073664.0000 11129.8750 1.0000
528871030784.0000 12028.2773 1.0000
525487210496.0000 12499.8799 1.0000
510474977280.0000 12061.3037 1.0000
483922280448.0000 11483.3984 1.0000
449021411328.0000 11242.0977 1.0000
410013958144.0000 11715.3740 1.0000
369510875136.0000 12888.1084 1.0000
329388851200.0000 13200.6729 1.0000
291795468288.0000 12562.9746 1.0000
258250817536.0000 11950.8359 1.0000
229003182080.0000 11646.2471 1.0000
203596873728.0000 12326.7480 1.0000
181484175360.0000 11993.5713 1.0000
162667708416.0000 12142.3945 1.0000
146747260928.0000 14599.7139 1.0000
132687216640.0000 16191.3291 1.0000
120526520320.0000 15960.4707 1.0000
110272675840.0000 15237.1299 1.0000
101538430976.0000 14600.5205 1.0000
93707026432.0000 14334.3652 1.0000
86202023936.0000 14061.9482 1.0000
78726037504.0000 13365.8408 1.0000
71317110784.0000 13236.9521 1.0000
64578646016.0000 14372.7646 1.0000
58321108992.0000 16115.3779 1.0000
52585918464.0000 17342.2012 1.0000
47351169024.0000 17288.6270 1.0000
42577096704.0000 16445.6992 1.0000
38189260800.0000 15848.6631 1.0000
34054723584.0000 15640.5293 1.0000
30132512768.0000 15500.6621 1.0000
26487711744.0000 15101.3877 1.0000
23187283968.0000 14394.0117 1.0000
20298151936.0000 13685.3184 1.0000
17929277440.0000 13007.3379 1.0000
16276319232.0000 12392.4434 1.0000
15574103040.0000 11895.0928 1.0000
15853090816.0000 11327.0264 1.0000
17089431552.0000 10825.3457 1.0000
19573794816.0000 10449.5176 1.0000
23938406400.0000 9927.3613 1.0000
30721150976.0000 9725.2510 1.0000
40524038144.0000 9341.8789 1.0000
51791081472.0000 9334.1758 1.0000
63508316160.0000 10846.6289 1.0000
74460381184.0000 11433.2725 1.0000
83371843584.0000 10868.1729 1.0000
89202302976.0000 10669.9707 1.0000
91712086016.0000 10594.8301 1.0000
91357945856.0000 10507.1279 1.0000
89020448768.0000 10801.7109 1.0000
85969715200.0000 11800.8975 1.0000
83424608256.0000 12998.2617 1.0000
82030698496.0000 13146.2959 1.0000
81583251456.0000 12543.3291 1.0000
82388353024.0000 14562.7959 1.0000
